image_width: 1920
image_height: 1200
camera_name: see3cam_24cug
camera_matrix:
  rows: 3
  cols: 3
  data: [1033.00949420, 0.00000000, 959.20942490, 0.00000000, 1033.03441833, 621.53810264, 0.00000000, 0.00000000, 1.00000000]

distortion_model: plumb_bob
distortion_coefficients:
  rows: 1
  cols: 14
  data: [9.89919255, 2.95086079, 0.00020982, -0.00010237, -0.12027670, 10.27569113, 6.49374457, 0.14266578, 0.00000000, 0.00000000, 0.00000000, 0.00000000, 0.00000000, 0.00000000]
rectification_matrix:
  rows: 3
  cols: 3
  data: [1.00000000, 0.00000000, 0.00000000, 0.00000000, 1.00000000, 0.00000000, 0.00000000, 0.00000000, 1.00000000]

projection_matrix:
  rows: 3
  cols: 4
  data: [874.19973970, 0.00000000, 959.50000000, 0.00000000, 0.00000000, 874.22083211, 599.50000000, 0.00000000, 0.00000000, 0.00000000, 1.00000000, 0.00000000]

