image_width: 1920
image_height: 1200
camera_name: see3cam_24cug
camera_matrix:
  rows: 3
  cols: 3
  data: [1034.37514047, 0.00000000, 930.28566491, 0.00000000, 1034.46930705, 595.11691039, 0.00000000, 0.00000000, 1.00000000]

distortion_model: plumb_bob
distortion_coefficients:
  rows: 1
  cols: 14
  data: [0.12345185, -0.20030966, 0.00006537, -0.00002112, -0.00925410, 0.49327264, -0.24853708, -0.05271385, 0.00000000, 0.00000000, 0.00000000, 0.00000000, 0.00000000, 0.00000000]
rectification_matrix:
  rows: 3
  cols: 3
  data: [1.00000000, 0.00000000, 0.00000000, 0.00000000, 1.00000000, 0.00000000, 0.00000000, 0.00000000, 1.00000000]

projection_matrix:
  rows: 3
  cols: 4
  data: [848.57589765, 0.00000000, 959.50000000, 0.00000000, 0.00000000, 848.65314959, 599.50000000, 0.00000000, 0.00000000, 0.00000000, 1.00000000, 0.00000000]

